0.0 0.0
0.1 0.0
0.2 0.0
0.3 0.0
0.4 0.0
0.5 0.0
0.6 0.0
0.7 0.0
0.8 0.0
0.9 0.0
1.0 0.0
1.1 0.0
1.2 0.0
1.3 0.0
1.4 0.0
1.5 0.0
1.6 0.0
1.7 0.0
1.8 0.0
1.9 0.0
2.0 0.0
2.1 0.0
2.2 0.0
2.3 0.0
2.4 0.0
2.5 0.0
2.6 0.0
2.7 0.0
2.8 0.0
2.9 0.0
3.0 0.0
3.1 0.0
3.2 0.0
3.3 0.0
3.4 0.0
3.5 0.0
3.6 0.0
3.7 0.0
3.8 0.0
3.9 0.0
4.0 0.0
4.1 0.0
4.2 0.0
4.3 0.0
4.4 0.0001
4.5 0.0001
4.6 0.0001
4.7 0.0001
4.8 0.0006
4.9 0.0006
5.0 0.0006
5.1 0.0006
5.2 0.0123
5.3 0.0123
5.4 0.0123
5.5 0.0123
5.6 0.0423
5.7 0.0423
5.8 0.0423
5.9 0.0423
6.0 0.069
6.1 0.069
6.2 0.069
6.3 0.069
6.4 0.1013
6.5 0.1013
6.6 0.1013
6.7 0.1013
6.8 0.122
6.9 0.122
7.0 0.122
7.1 0.122
7.2 0.1341
7.3 0.1341
7.4 0.1341
7.5 0.1341
7.6 0.1402
7.7 0.1402
7.8 0.1402
7.9 0.1402
8.0 0.1536
8.1 0.1536
8.2 0.1536
8.3 0.1536
8.4 0.1656
8.5 0.1656
8.6 0.1656
8.7 0.1656
8.8 0.1659
8.9 0.1659
9.0 0.1659
9.1 0.1659
9.2 0.1711
9.3 0.1711
9.4 0.1711
9.5 0.1711
9.6 0.1697
9.7 0.1697
9.8 0.1697
9.9 0.1697
10.0 0.1747
10.1 0.1747
10.2 0.1747
10.3 0.1747
10.4 0.1784
10.5 0.1784
10.6 0.1784
10.7 0.1784
10.8 0.177
10.9 0.177
11.0 0.177
11.1 0.177
11.2 0.1778
11.3 0.1778
11.4 0.1778
11.5 0.1778
11.6 0.1729
11.7 0.1729
11.8 0.1729
11.9 0.1729
12.0 0.1776
12.1 0.1776
12.2 0.1776
12.3 0.1776
12.4 0.1747
12.5 0.1747
12.6 0.1747
12.7 0.1747
12.8 0.175
12.9 0.175
13.0 0.1749
13.1 0.1749
13.2 0.1696
13.3 0.1696
13.4 0.1696
13.5 0.1696
13.6 0.1723
13.7 0.1723
13.8 0.1723
13.9 0.1722
14.0 0.166
14.1 0.166
14.2 0.166
14.3 0.166
14.4 0.1651
14.5 0.1651
14.6 0.165
14.7 0.165
14.8 0.1649
14.9 0.1649
15.0 0.1649
15.1 0.1649
15.2 0.1576
15.3 0.1576
15.4 0.1576
15.5 0.1575
15.6 0.1591
15.7 0.1591
15.8 0.1591
15.9 0.1591
16.0 0.1552
16.1 0.1552
16.2 0.1552
16.3 0.1553
16.4 0.1535
16.5 0.1537
16.6 0.1538
16.7 0.1539
16.8 0.1577
16.9 0.1578
17.0 0.1579
17.1 0.1579
17.2 0.1524
17.3 0.1525
17.4 0.1526
17.5 0.1527
17.6 0.1515
17.7 0.1515
17.8 0.1516
17.9 0.1517
18.0 0.1523
18.1 0.1524
18.2 0.1525
18.3 0.1525
18.4 0.1496
18.5 0.1497
18.6 0.1498
18.7 0.1499
18.8 0.1499
18.9 0.15
19.0 0.1501
19.1 0.1501
19.2 0.148
19.3 0.1481
19.4 0.1482
19.5 0.1483
19.6 0.1456
19.7 0.1457
19.8 0.1458
19.9 0.1458
20.0 0.141
20.1 0.1411
20.2 0.1412
20.3 0.1413
20.4 0.144
20.5 0.1441
20.6 0.1441
20.7 0.1442
20.8 0.1415
20.9 0.1415
21.0 0.1416
21.1 0.1417
21.2 0.1466
21.3 0.1467
21.4 0.1468
21.5 0.1469
21.6 0.1405
21.7 0.1406
21.8 0.1407
21.9 0.1408
22.0 0.1433
22.1 0.1434
22.2 0.1435
22.3 0.1436
22.4 0.1463
22.5 0.1464
22.6 0.1465
22.7 0.1466
22.8 0.1462
22.9 0.1463
23.0 0.1464
23.1 0.1465
23.2 0.1449
23.3 0.1449
23.4 0.145
23.5 0.1451
23.6 0.141
23.7 0.1411
23.8 0.1411
23.9 0.1412
24.0 0.1507
24.1 0.1508
24.2 0.1509
24.3 0.1509
24.4 0.1477
24.5 0.1478
24.6 0.1479
24.7 0.148
24.8 0.1492
24.9 0.1493
25.0 0.1494
25.1 0.1495
25.2 0.1526
25.3 0.1527
25.4 0.1528
25.5 0.1529
25.6 0.1495
25.7 0.1495
25.8 0.1496
25.9 0.1497
26.0 0.145
26.1 0.1451
26.2 0.1451
26.3 0.1452
26.4 0.1522
26.5 0.1522
26.6 0.1523
26.7 0.1524
26.8 0.1528
26.9 0.1529
27.0 0.153
27.1 0.1531
27.2 0.1551
27.3 0.1552
27.4 0.1552
27.5 0.1553
27.6 0.1563
27.7 0.1563
27.8 0.1564
27.9 0.1565
28.0 0.1527
28.1 0.1527
28.2 0.1528
28.3 0.1529
28.4 0.1572
28.5 0.1573
28.6 0.1574
28.7 0.1575
28.8 0.1538
28.9 0.1538
29.0 0.1539
29.1 0.154
29.2 0.1553
29.3 0.1553
29.4 0.1554
29.5 0.1555
29.6 0.153
29.7 0.1531
29.8 0.1532
29.9 0.1533
30.0 0.1509
30.1 0.151
30.2 0.151
30.3 0.1511
30.4 0.1588
30.5 0.1588
30.6 0.1589
30.7 0.1589
30.8 0.1517
30.9 0.1518
31.0 0.1518
31.1 0.1518
31.2 0.157
31.3 0.1569
31.4 0.1569
31.5 0.1568
31.6 0.1562
31.7 0.1562
31.8 0.1561
31.9 0.1561
32.0 0.152
32.1 0.1519
32.2 0.1519
32.3 0.1519
32.4 0.1568
32.5 0.1568
32.6 0.1568
32.7 0.1567
32.8 0.1478
32.9 0.1478
33.0 0.1478
33.1 0.1477
33.2 0.1543
33.3 0.1543
33.4 0.1543
33.5 0.1542
33.6 0.1487
33.7 0.1487
33.8 0.1487
33.9 0.1487
34.0 0.1507
34.1 0.1507
34.2 0.1507
34.3 0.1506
34.4 0.152
34.5 0.152
34.6 0.1519
34.7 0.1519
34.8 0.1492
34.9 0.1491
35.0 0.1491
35.1 0.149
35.2 0.1531
35.3 0.1531
35.4 0.153
35.5 0.153
35.6 0.1486
35.7 0.1486
35.8 0.1485
35.9 0.1485
36.0 0.1525
36.1 0.1524
36.2 0.1524
36.3 0.1524
36.4 0.1445
36.5 0.1445
36.6 0.1444
36.7 0.1444
36.8 0.1465
36.9 0.1465
37.0 0.1464
37.1 0.1464
37.2 0.146
37.3 0.146
37.4 0.146
37.5 0.1459
37.6 0.1437
37.7 0.1437
37.8 0.1437
37.9 0.1436
38.0 0.1416
38.1 0.1415
38.2 0.1415
38.3 0.1415
38.4 0.1442
38.5 0.1441
38.6 0.1441
38.7 0.1441
38.8 0.1401
38.9 0.1401
39.0 0.1401
39.1 0.14
39.2 0.1427
39.3 0.1426
39.4 0.1426
39.5 0.1426
39.6 0.1451
39.7 0.1451
39.8 0.1451
39.9 0.145
40.0 0.1451
40.1 0.1451
40.2 0.145
40.3 0.145
40.4 0.145
40.5 0.1449
40.6 0.1449
40.7 0.1449
40.8 0.1397
40.9 0.1397
41.0 0.1396
41.1 0.1396
41.2 0.1397
41.3 0.1397
41.4 0.1396
41.5 0.1396
41.6 0.1417
41.7 0.1416
41.8 0.1416
41.9 0.1415
42.0 0.1395
42.1 0.1394
42.2 0.1394
42.3 0.1393
42.4 0.1425
42.5 0.1425
42.6 0.1424
42.7 0.1424
42.8 0.1385
42.9 0.1384
43.0 0.1384
43.1 0.1384
43.2 0.1367
43.3 0.1367
43.4 0.1366
43.5 0.1366
43.6 0.1386
43.7 0.1386
43.8 0.1386
43.9 0.1386
44.0 0.1343
44.1 0.1343
44.2 0.1343
44.3 0.1343
44.4 0.1351
44.5 0.1351
44.6 0.1351
44.7 0.135
44.8 0.1358
44.9 0.1357
45.0 0.1357
45.1 0.1356
45.2 0.1369
45.3 0.1369
45.4 0.1368
45.5 0.1368
45.6 0.1346
45.7 0.1346
45.8 0.1346
45.9 0.1345
46.0 0.133
46.1 0.133
46.2 0.133
46.3 0.133
46.4 0.1328
46.5 0.1328
46.6 0.1327
46.7 0.1327
46.8 0.1367
46.9 0.1367
47.0 0.1366
47.1 0.1366
47.2 0.1326
47.3 0.1325
47.4 0.1325
47.5 0.1325
47.6 0.1339
47.7 0.1339
47.8 0.1339
47.9 0.1339
48.0 0.1301
48.1 0.1301
48.2 0.13
48.3 0.13
48.4 0.1327
48.5 0.1327
48.6 0.1327
48.7 0.1326
48.8 0.1296
48.9 0.1296
49.0 0.1296
49.1 0.1295
49.2 0.1288
49.3 0.1288
49.4 0.1287
49.5 0.1287
49.6 0.1306
49.7 0.1306
49.8 0.1305
49.9 0.1305
50.0 0.1303
50.1 0.1303
50.2 0.1302
50.3 0.1302
50.4 0.1273
50.5 0.1273
50.6 0.1272
50.7 0.1272
50.8 0.1282
50.9 0.1282
51.0 0.1282
51.1 0.1281
51.2 0.1268
51.3 0.1268
51.4 0.1268
51.5 0.1267
51.6 0.1221
51.7 0.1221
51.8 0.1221
51.9 0.122
52.0 0.1238
52.1 0.1238
52.2 0.1238
52.3 0.1238
52.4 0.126
52.5 0.126
52.6 0.126
52.7 0.126
52.8 0.1224
52.9 0.1224
53.0 0.1224
53.1 0.1224
53.2 0.1221
53.3 0.1221
53.4 0.1221
53.5 0.1221
53.6 0.1215
53.7 0.1215
53.8 0.1215
53.9 0.1215
54.0 0.1221
54.1 0.1221
54.2 0.1221
54.3 0.1221
54.4 0.1242
54.5 0.1242
54.6 0.1242
54.7 0.1242
54.8 0.1206
54.9 0.1206
55.0 0.1206
55.1 0.1206
55.2 0.1199
55.3 0.1199
55.4 0.1199
55.5 0.1199
55.6 0.1187
55.7 0.1187
55.8 0.1187
55.9 0.1187
56.0 0.1192
56.1 0.1192
56.2 0.1192
56.3 0.1192
56.4 0.1152
56.5 0.1152
56.6 0.1152
56.7 0.1152
56.8 0.1191
56.9 0.1191
57.0 0.1191
57.1 0.1191
57.2 0.1174
57.3 0.1174
57.4 0.1174
57.5 0.1174
57.6 0.1162
57.7 0.1162
57.8 0.1162
57.9 0.1161
58.0 0.1175
58.1 0.1175
58.2 0.1175
58.3 0.1175
58.4 0.1168
58.5 0.1168
58.6 0.1168
58.7 0.1168
58.8 0.1158
58.9 0.1158
59.0 0.1158
59.1 0.1158
59.2 0.1173
59.3 0.1173
59.4 0.1173
59.5 0.1173
59.6 0.1156
59.7 0.1156
59.8 0.1156
59.9 0.1156
60.0 0.1169
60.1 0.1169
60.2 0.1169
60.3 0.1169
60.4 0.1115
60.5 0.1115
60.6 0.1115
60.7 0.1115
60.8 0.1135
60.9 0.1135
61.0 0.1135
61.1 0.1135
61.2 0.1167
61.3 0.1167
61.4 0.1167
61.5 0.1167
61.6 0.1127
61.7 0.1127
61.8 0.1126
61.9 0.1126
62.0 0.1134
62.1 0.1134
62.2 0.1134
62.3 0.1134
62.4 0.1123
62.5 0.1123
62.6 0.1123
62.7 0.1123
62.8 0.1094
62.9 0.1094
63.0 0.1094
63.1 0.1094
63.2 0.1105
63.3 0.1105
63.4 0.1105
63.5 0.1105
63.6 0.1111
63.7 0.1111
63.8 0.1111
63.9 0.1111
64.0 0.1141
64.1 0.1141
64.2 0.114
64.3 0.114
64.4 0.1103
64.5 0.1103
64.6 0.1103
64.7 0.1103
64.8 0.1111
64.9 0.1111
65.0 0.11
65.5 0.1095
66.0 0.109
66.5 0.1085
67.0 0.1081
67.5 0.1076
68.0 0.1071
68.5 0.1066
69.0 0.1061
69.5 0.1056
70.0 0.1051
70.5 0.1047
71.0 0.1042
71.5 0.1037
72.0 0.1032
72.5 0.1027
73.0 0.1022
73.5 0.1018
74.0 0.1013
74.5 0.1008
75.0 0.1003
75.5 0.0998
76.0 0.0993
76.5 0.0988
77.0 0.0984
77.5 0.0979
78.0 0.0974
78.5 0.0969
79.0 0.0964
79.5 0.0959
80.0 0.0956
80.5 0.0953
81.0 0.0951
81.5 0.0948
82.0 0.0946
82.5 0.0944
83.0 0.0941
83.5 0.0939
84.0 0.0936
84.5 0.0934
85.0 0.0931
85.5 0.0929
86.0 0.0927
86.5 0.0924
87.0 0.0922
87.5 0.0919
88.0 0.0917
88.5 0.0915
89.0 0.0912
89.5 0.091
90.0 0.0907
90.5 0.0905
91.0 0.0902
91.5 0.09
92.0 0.0898
92.5 0.0895
93.0 0.0893
93.5 0.089
94.0 0.0888
94.5 0.0885
95.0 0.0883
95.5 0.0881
96.0 0.0878
96.5 0.0876
97.0 0.0873
97.5 0.0871
98.0 0.0869
98.5 0.0866
99.0 0.0864
99.5 0.0861
100.0 0.086
100.5 0.0859
101.0 0.0858
101.5 0.0857
102.0 0.0856
102.5 0.0856
103.0 0.0855
103.5 0.0854
104.0 0.0853
104.5 0.0852
105.0 0.0851
105.5 0.0851
106.0 0.085
106.5 0.0849
107.0 0.0848
107.5 0.0847
108.0 0.0847
108.5 0.0846
109.0 0.0845
109.5 0.0844
110.0 0.0843
110.5 0.0842
111.0 0.0842
111.5 0.0841
112.0 0.084
112.5 0.0839
113.0 0.0838
113.5 0.0837
114.0 0.0837
114.5 0.0836
115.0 0.0835
115.5 0.0834
116.0 0.0833
116.5 0.0833
117.0 0.0832
117.5 0.0831
118.0 0.083
118.5 0.0829
119.0 0.0828
119.5 0.0828
120.0 0.0827
120.5 0.0826
121.0 0.0826
121.5 0.0825
122.0 0.0824
122.5 0.0823
123.0 0.0823
123.5 0.0822
124.0 0.0821
124.5 0.0821
125.0 0.082
125.5 0.0819
126.0 0.0819
126.5 0.0818
127.0 0.0817
127.5 0.0817
128.0 0.0816
128.5 0.0815
129.0 0.0815
129.5 0.0814
130.0 0.0813
130.5 0.0813
131.0 0.0812
131.5 0.0811
132.0 0.0811
132.5 0.081
133.0 0.0809
133.5 0.0808
134.0 0.0808
134.5 0.0807
135.0 0.0806
135.5 0.0806
136.0 0.0805
136.5 0.0804
137.0 0.0804
137.5 0.0803
138.0 0.0802
138.5 0.0802
139.0 0.0801
139.5 0.08
140.0 0.08
140.5 0.0799
141.0 0.0798
141.5 0.0798
142.0 0.0797
142.5 0.0796
143.0 0.0796
143.5 0.0795
144.0 0.0794
144.5 0.0793
145.0 0.0793
145.5 0.0792
146.0 0.0791
146.5 0.0791
147.0 0.079
147.5 0.0789
148.0 0.0789
148.5 0.0788
149.0 0.0787
149.5 0.0787
150.0 0.0786
150.5 0.0785
151.0 0.0784
151.5 0.0784
152.0 0.0783
152.5 0.0782
153.0 0.0781
153.5 0.0781
154.0 0.078
154.5 0.0779
155.0 0.0778
155.5 0.0777
156.0 0.0777
156.5 0.0776
157.0 0.0775
157.5 0.0774
158.0 0.0774
158.5 0.0773
159.0 0.0772
159.5 0.0771
160.0 0.077
160.5 0.077
161.0 0.0769
161.5 0.0768
162.0 0.0767
162.5 0.0767
163.0 0.0766
163.5 0.0765
164.0 0.0764
164.5 0.0764
165.0 0.0763
165.5 0.0762
166.0 0.0761
166.5 0.076
167.0 0.076
167.5 0.0759
168.0 0.0758
168.5 0.0757
169.0 0.0757
169.5 0.0756
170.0 0.0755
170.5 0.0754
171.0 0.0753
171.5 0.0753
172.0 0.0752
172.5 0.0751
173.0 0.075
173.5 0.075
174.0 0.0749
174.5 0.0748
175.0 0.0747
175.5 0.0747
176.0 0.0747
176.5 0.0746
177.0 0.0746
177.5 0.0746
178.0 0.0745
178.5 0.0745
179.0 0.0745
179.5 0.0744
180.0 0.0744
180.5 0.0744
181.0 0.0743
181.5 0.0743
182.0 0.0743
182.5 0.0742
183.0 0.0742
183.5 0.0742
184.0 0.0741
184.5 0.0741
185.0 0.0741
185.5 0.074
186.0 0.074
186.5 0.074
187.0 0.0739
187.5 0.0739
188.0 0.0739
188.5 0.0738
189.0 0.0738
189.5 0.0738
190.0 0.0737
190.5 0.0737
191.0 0.0737
191.5 0.0736
192.0 0.0736
192.5 0.0736
193.0 0.0735
193.5 0.0735
194.0 0.0735
194.5 0.0734
195.0 0.0734
195.5 0.0733
196.0 0.0733
196.5 0.0733
197.0 0.0732
197.5 0.0732
198.0 0.0732
198.5 0.0731
199.0 0.0731
199.5 0.0731
200.0 0.073
200.5 0.073
201.0 0.0729
201.5 0.0729
202.0 0.0728
202.5 0.0727
203.0 0.0727
203.5 0.0726
204.0 0.0726
204.5 0.0725
205.0 0.0724
205.5 0.0724
206.0 0.0723
206.5 0.0723
207.0 0.0722
207.5 0.0721
208.0 0.0721
208.5 0.072
209.0 0.072
209.5 0.0719
210.0 0.0718
210.5 0.0718
211.0 0.0717
211.5 0.0717
212.0 0.0716
212.5 0.0715
213.0 0.0715
213.5 0.0714
214.0 0.0714
214.5 0.0713
215.0 0.0712
215.5 0.0712
216.0 0.0711
216.5 0.0711
217.0 0.071
217.5 0.0709
218.0 0.0709
218.5 0.0708
219.0 0.0708
219.5 0.0707
220.0 0.0706
220.5 0.0706
221.0 0.0705
221.5 0.0705
222.0 0.0704
222.5 0.0703
223.0 0.0703
223.5 0.0702
224.0 0.0702
224.5 0.0701
225.0 0.07
225.5 0.0699
226.0 0.0698
226.5 0.0696
227.0 0.0695
227.5 0.0694
228.0 0.0693
228.5 0.0692
229.0 0.069
229.5 0.0689
230.0 0.0688
230.5 0.0687
231.0 0.0685
231.5 0.0684
232.0 0.0683
232.5 0.0682
233.0 0.068
233.5 0.0679
234.0 0.0678
234.5 0.0677
235.0 0.0676
235.5 0.0674
236.0 0.0673
236.5 0.0672
237.0 0.0671
237.5 0.0669
238.0 0.0668
238.5 0.0667
239.0 0.0666
239.5 0.0664
240.0 0.0663
240.5 0.0662
241.0 0.0661
241.5 0.066
242.0 0.0658
242.5 0.0657
243.0 0.0656
243.5 0.0655
244.0 0.0653
244.5 0.0652
245.0 0.0651
245.5 0.065
246.0 0.0649
246.5 0.0647
247.0 0.0646
247.5 0.0645
248.0 0.0644
248.5 0.0642
249.0 0.0641
249.5 0.064
